Controller type - Feedforward-plus-PI

Gain matrix K_p = [0.5,  0,  0,  0,  0,  0],
                  [0,  0.5,  0,  0,  0,  0],
                  [0,  0, 0.5,  0,  0,   0],
                  [0,  0,  0,  0.5,  0,  0],
                  [0,  0,  0,  0,  0.5,  0]
                  [0,  0,  0,  0,  0,  0.5]

K_i = [20,  0,  0,  0,  0,  0],
      [0,  20,  0,  0,  0,  0],
      [0,  0, 20,  0,  0,   0],
      [0,  0,  0,  20,  0,  0],
      [0,  0,  0,  0,  20,  0]
      [0,  0,  0,  0,  0,  20]


initial cube config - (x, y, theta) - (1.5, 0.0, 0.0)
goal cube config - (x, y, theta) - (1.5, -2.0, -1.57)