Controller type - Feedforward-plus-PI

Gain matrix K_p = [0.5,  0,  0,  0,  0,  0],
                  [0,  0.5,  0,  0,  0,  0],
                  [0,  0, 0.5,  0,  0,   0],
                  [0,  0,  0,  0.5,  0,  0],
                  [0,  0,  0,  0,  0.5,  0]
                  [0,  0,  0,  0,  0,  0.5]


K_i = [200,  0,  0,  0,  0,  0],
      [0,  200,  0,  0,  0,  0],
      [0,  0, 200,  0,  0,   0],
      [0,  0,  0,  200,  0,  0],
      [0,  0,  0,  0,  200,  0]
      [0,  0,  0,  0,  0,  200]
